30,30,30
0,1,2,3,4,5,6,7,8,9,10,11,12,13,14,15,16,17,18,19,20,21,22,23,24,25,26,27,28,29
0,1,2,3,4,5,6,7,8,9,10,11,12,13,14,15,16,17,18,19,20,21,22,23,24,25,26,27,28,29
0,1,2,3,4,5,6,7,8,9,10,11,12,13,14,15,16,17,18,19,20,21,22,23,24,25,26,27,28,29
000001000110101101111011001011
000110010100100110100100000111
000101100111111000011010101001
010011001001101101110001010011
110111100001000000111000101100
000101010110110010000001100001
010000100010011101110100000101
000010001110010001001101111110
000000110010101101110001111100
111011001011011010100011001010
011000110000110011111010110011
011110101100100011010010010010
001100010111111011001010000011
010001110010101010001101000110
101001000001010010001010100011
101001001010010110100110101100
001101001011001100100010111110
001010011001111110101000000111
101100001100000100011110001100
000000010101100011000100101001
111000000100100011100011001010
101000000000111111011001110111
101100010001001001010001000001
011101011101101100111001010000
100011100100000001100000001111
000111110101011001011001111011
010100011001000110010000011001
001001011000011000011010000000
101101001000011010110001100110
110000110010100111101101100100
101100010111000011111100001001
110011110010000110110110000000
101101100101010001000000001010
111011010110011000000110011101
000001100111100011000000000100
011011010111100101001000010110
101000010110010100010001000001
111110110000110110101000100110
110110111011011011101010001010
111110000111111001000011010001
011010110111111001001000100010
001101001000010100111100101111
010010111111101000101111100000
100000110001010100011011110101
000001100010100101001111010001
000001011010110000001001001010
100100010000111001010010001010
011111110000110101011011111000
101100100111111011110001010111
100110100111001011111011111110
111001001000010001000001111000
111000000100000011001010111000
100101100001110000100110110101
100111100000100011011101000001
011011100101101100101010100100
010001011001100010010010010110
000000110011101011111001101001
010011000011101011111101000101
011101111101110110011010011000
101111001011011101001010010010
001001011000110001100110011100
110100101101011000110111101000
011010000010001011110011101010
010001100001111000000100010011
111110000001101111000101011000
000000110001010101110001000101
100101101010111001111111110011
101101010100011101000001001001
111111101111010101010010100011
000001110001000100101101101111
000110000010000111110110110100
100010010100100011000001101001
001000110001011011010011100010
000100110001101010000000111010
010001000011001001010001110101
110110001100111001110110010000
101110110001001000001001011000
010000011100111011010011011111
100011000100110111001100101111
001111110100010101100001110010
011001100001111010100010101100
001100001101100010010100100011
110000101100101000111001000110
010100001001011100000001111000
110001111100110000010011001110
001101010001101110101000011100
011010000111101001000100100110
010110000100000011001111011001
100011001000010001010111110011
111101011000111110110011010010
