20,20,20
0,1,2,3,4,5,6,7,8,9,10,11,12,13,14,15,16,17,18,19
0,1,2,3,4,5,6,7,8,9,10,11,12,13,14,15,16,17,18,19
0,1,2,3,4,5,6,7,8,9,10,11,12,13,14,15,16,17,18,19
11111111110100111111
11111111101111111111
01111011111011111111
11111101101111110011
11101111110110101111
11111111111101111110
11111011111111111001
11111111111111111101
11111111111111101101
11111111011110111111
11111111111111011111
11101110110111100110
11111111111111001111
11111111111111111111
11111101111001111111
01101011111111011111
11101111111111011011
11111111111110111111
01111111111111111011
10111111111111111011
11001111111111110011
11111111111111111111
11011011111111111011
11111110111111111111
11111111111111001111
10111111111110111111
11111011111001111111
11111111110111111111
00111111111111111111
11111111011101111101
11111111111011111011
11011111101101111011
11111111110111111111
01111011111111100111
11011111111111111011
11011111111111101111
11111101010111111110
11010011110011100111
11111011111111111011
10111111111000111111
11111111011111010111
11111101111011111111
11111111111010111001
11111111111011111101
11110110110011111011
11111110111111111111
11111111011111111111
10110101111110110111
10111110111111111101
11101111111101111001
11111110111111111100
11111111011110111111
11111110110111100101
11111111110111101111
01110111111111111101
11111111110010111111
11111101111111111111
11111110111111111111
10011111111111111111
11111111111010111111
