20,20,20
0,1,2,3,4,5,6,7,8,9,10,11,12,13,14,15,16,17,18,19
0,1,2,3,4,5,6,7,8,9,10,11,12,13,14,15,16,17,18,19
0,1,2,3,4,5,6,7,8,9,10,11,12,13,14,15,16,17,18,19
11111010111101101010
10111110111110101101
11101111111111111111
10011011111101111110
11011100011110101001
11011111010001111011
11101100011000111011
11011100111111111100
10011111001011111110
10111110100011110010
11110001100111110110
10111100010011111011
10110110110011011110
00101111101101101100
10000011110001111111
11011110100100111111
11110101111100010011
11110110101100011111
10101010101000010101
11100100111111111011
10101011101110111110
01011110110111111011
11011101100001111101
01110000111110110111
10001110011101101010
01100101001011011110
01010101011001101110
11011010101110001101
10111110010111110001
01101000011111101111
01100111111101011000
00111111111011111001
10101111110110100010
11011100111111101110
10100111111111111111
10111101111111111111
00100111111000001111
10110101100011010010
11110001101001001010
00100110101010010100
11101111000000111100
01001110111000111110
10000011110000011111
01000010100011011001
11111101111100011100
00111011111011101100
11111111111010111011
11010001100101111110
01110111011101101001
01111111001100111101
10111000110111011001
10011001010110110010
11110110001010101101
00010101001100011010
00111110101100100001
11010111001101011011
11111111111001010100
10101111111011110011
00111100010111111110
01011101101000111101
