20,20,20
0,1,2,3,4,5,6,7,8,9,10,11,12,13,14,15,16,17,18,19
0,1,2,3,4,5,6,7,8,9,10,11,12,13,14,15,16,17,18,19
0,1,2,3,4,5,6,7,8,9,10,11,12,13,14,15,16,17,18,19
11100111011110010011
10110100111011000001
00110111101111011111
01101110011101110111
10010111100011011111
01011011010110111011
11001111110001111100
11111110010111111110
01111111100110011111
11110001110111100101
10111011110101101111
10101111111110100100
01111011101111100111
11010111111100111111
11110010010100010011
00011111011111010010
01111110100111111101
11011111110111001011
11111111111111111111
11101101100001111111
01011101111101111111
11101101110111100011
10101001101001110111
11011111110111100011
11110111111111111010
10111111111100101111
11111101011011111111
11111010011011111101
01111110001110011010
11010010110110111101
01110111111011001100
01110011010111111101
11111111111110111111
11111110011111011001
01111111011101001110
10101111101011011111
01001011111011111101
01011110111110111101
10111110011001111001
10011111101111111001
11111101111000100111
00111101000100110010
11100011010011011111
10100110101010011101
01011010101111110011
10111111110101110111
01010111111111111111
11100111010001100010
11111111111111111011
00111110111101101011
11001100111111101111
11010100110111011001
11111110011111111111
01010001111110111111
01011010111000111111
01101111011011111010
11111000110011111100
11101101111111101111
11110001000111101111
11011111010111011010
