20,20,20
0,1,2,3,4,5,6,7,8,9,10,11,12,13,14,15,16,17,18,19
0,1,2,3,4,5,6,7,8,9,10,11,12,13,14,15,16,17,18,19
0,1,2,3,4,5,6,7,8,9,10,11,12,13,14,15,16,17,18,19
11000101111010001010
01011111110000001110
01100010011000010110
01111011110101101010
10001111111100011101
10100001000101100110
00110110101100000011
10101010010011011011
01100001101110011011
00000110101100110100
10111110100101101111
01101001100010011101
11101111011110101101
00110100100000100001
10001010111100110001
10000101001000000111
11010111110110111110
10011011110001111010
01001011000010101000
01001101011011010011
00011011000000001100
01110101110000110011
10011100000101010100
00111010011000000000
11100011100100010011
11100001101011001000
11001101001111001111
10001001011010111010
11110100010001001011
01101101101010000100
10010000001010101001
11100010111101110001
01101000110000100000
10011110000010010100
10100010110110010001
01000111011001001001
01011011010110010110
11011010111001110011
00010101001001110101
11000101111000001111
01101110110111001000
00010010011001000101
11010110001001100111
00110100000000101100
01110001101011110110
01110010110101000011
01000011101000100011
00100110101011100000
01010100001100000110
01110100111110110100
01101001010101010001
11101010001111000100
10111101111101110010
10011110101001111110
01101101100011000111
00000011001000000101
01001101001000001100
11001101100000100111
11101110101111010010
00011100010001111111
