20,20,20
0,1,2,3,4,5,6,7,8,9,10,11,12,13,14,15,16,17,18,19
0,1,2,3,4,5,6,7,8,9,10,11,12,13,14,15,16,17,18,19
0,1,2,3,4,5,6,7,8,9,10,11,12,13,14,15,16,17,18,19
01011010111010111110
00111100111110111111
10111111111101110111
11101110110111111101
11111111110101101111
11111111110100101101
10110110111011111111
11011111111111111110
11011111110000101110
01010110111101110011
10110110111111011111
10011111111111111101
11111100011110111010
11101011111101111111
11101111111111111011
11111011011111110111
11001111111111011111
11011111111111011111
11111110111101111111
01111101100111111111
11110101001111010001
11111110110111011110
11100111111001111010
11111111111111111111
11110111111100110111
11110111111111111111
10111111111111111011
01111111111100011111
00111101110011010101
11111000101111111111
01000101011011111000
11111110101110110111
11101011011101111110
11111111111111111111
11111111011111110111
10100110111010110111
10111111111111111110
01111110101111011111
11111111111111111101
11111110010101011111
11111110010111111111
10111111111110011111
11111111010111111111
11111111111010111110
11111101011110011111
11110111011111111111
11111111111101111011
11101110111011101111
11110111010011011111
11111001011101011000
11110111011111100111
10001110011101110110
10111111111011110110
11101111111111111110
01110001111111111011
10011111111111111101
01000101011111111111
11011101101011101111
11111111111101111111
10110011011111111111
